Setup
SetSeed 5
Clear2D 
Particle  1000 51353 0 0 2000 2000 0 0
Particle  2000 49353 0 0 2000 2000 0 0
Particle 21000 61535 0 0 2000 2000 0 0
Particle 22000  59535 0 0 2000 2000 0 0

Particle 0 0 0 0 300 65535 0 1
Particle 0 0 0 0 65535 300 0 1

Particle 20000 63535 0 0 2000 2000 32768 0
Particle 18000 62535 0 0 2000 2000 32768 16
Particle 16000 61535 0 0 2000 2000 32768 16
Particle 14000 60535 0 0 2000 2000 32768 16
Particle 12000 59535 0 0 2000 2000 32768 16
Particle 10000 58535 0 0 2000 2000 32768 16
Particle  8000 57535 0 0 2000 2000 32768 16
Particle  6000 56535 0 0 2000 2000 32768 16
Particle  4000 55535 0 0 2000 2000 32768 16
Particle  2000 54535 0 0 2000 2000 32768 16
Particle     0 53535 0 0 2000 2000 32768 0

DoAnimation 16

Animate
WaterAnimationBuffer Buffer0 2
Return

Palette
MakeColourMapRGB X X X
Return

GetColour
ReturnColour C

GetElevation 
ReturnElevation C 
